sequential_results
720x480 14.239 14.098 14.349 14.641 14.326 14.375 16.164 
1024x768 28.323 28.466 33.940 28.480 28.385 28.479 28.703 
1920x1200 80.189 80.574 80.910 80.421 80.389 80.526 80.198 
3840x2160 274.976 274.135 274.531 273.935 274.709 274.231 273.856 
7680x4320 1046.115 1059.572 589.759 1058.187 1060.963 1058.552 1054.419 

parallel_results
720x480 0.641 0.750 0.759 0.755 0.764 0.749 0.778 
1024x768 0.899 1.004 1.020 1.043 1.010 1.015 1.008 
1920x1200 3.156 3.146 3.143 3.151 3.140 3.161 3.079 
3840x2160 8.332 8.359 7.094 8.360 6.728 6.941 8.400 
7680x4320 34.747 28.115 28.426 34.769 34.782 28.241 31.663 

bonus_results
720x480 0.352 0.379 0.467 0.481 0.537 0.489 0.599 
1024x768 0.737 0.757 0.756 0.747 0.737 0.744 0.739 
1920x1200 1.616 1.625 1.610 1.596 1.632 1.597 1.615 
3840x2160 4.967 4.921 5.009 3.156 3.499 3.185 3.531 
7680x4320 19.093 13.717 13.765 18.426 12.716 16.998 11.858 
