1.0784
1.9399
1.9039
1.9030
1.8992
1.9211
1.9106
1.8959
1.9277
1.8843
1.9282
1.9477
1.7579
1.9016
1.9424
1.9014
1.8612
1.9189
1.9216
1.9242
2.1928
1.9537
1.7091
1.2974
2.0521
1.9383
1.9645
2.0849
1.8620
2.0681
2.0927
2.0039
2.0411
1.9741
2.0717
2.1398
2.0264
1.9985
2.0354
1.9686
1.1770
2.1494
1.7656
1.9971
1.7933
2.0303
1.9015
1.9879
1.9408
2.0820
1.9529
1.8793
2.1779
1.6473
1.2847
2.1776
1.9072
1.8836
1.6104
2.1201
1.0815
1.1552
1.1541
1.0686
0.9467
0.7832
0.8824
0.9045
0.9183
0.9160
1.0720
1.0597
0.9539
0.9673
1.1058
1.0173
1.0816
0.9509
0.7877
0.9505
0.9671
0.8966
1.0359
1.0917
1.0648
0.7952
0.9245
0.9640
1.1377
1.1310
0.8870
0.9044
0.9085
0.8945
0.8821
1.0943
1.1552
0.7851
1.0214
1.0003
0.9574
0.9890
0.9139
1.0959
1.0838
1.0182
0.9453
0.9452
0.7921
1.0022
0.9793
1.0379
0.9746
0.8898
1.0937
1.0919
1.1030
1.1499
0.7988
1.0458
1.0024
1.0593
0.7920
0.8907
0.8807
1.0496
1.0799
0.9916
0.9764
1.0237
0.8955
0.9040
0.9080
0.7983
0.9032
0.8932
1.1537
1.0990
1.0975
0.9757
0.9515
1.0682
1.0550
0.9001
1.0630
1.0357
1.0391
0.9888
0.9834
0.8753
1.1058
1.0883
0.9577
0.8559
0.7946
0.8546
1.0684
0.9140
0.8066
0.8028
1.0861
1.0499
1.0301
1.0180
0.7875
1.1020
1.1250
0.7920
0.7915
0.7969
0.7929
0.8035
1.1318
1.1308
1.1520
1.1518
2.0906
2.0930
2.7080
2.6430
1.0715
1.0480
1.0714
1.0809
1.0840
1.0484
1.0604
1.0621
1.0502
1.0767
1.0793
1.0814
1.0569
2.0486
2.0512
2.5170
2.5131
1.0896
1.1038
1.0910
2.0169
2.0051
2.5313
2.5175
2.0081
2.0194
2.5322
2.7136
2.0744
2.1043
2.8593
2.8202
2.1516
2.1587
2.1598
2.1681
2.3003
2.2911
2.6425
2.8000
2.1130
2.1206
2.1256
2.1396
2.0734
2.0735
2.5753
2.8821
2.0106
2.0126
2.0986
2.1018
2.1032
2.1111
2.5286
2.5229
1.9933
2.0165
2.0863
2.1060
2.1108
2.1163
2.4625
2.6758
2.1709
2.1992
2.0772
2.1023
2.1012
2.1086
2.3272
2.7850
1.0976
1.2123
1.2274
1.2300
1.2011
1.2336
2.3323
2.3333
1.1540
1.0677
2.2948
2.2893
1.2231
1.1988
1.1702
1.2049
1.2031
1.1443
2.2830
2.2991
1.2009
1.0635
1.2179
1.2221
1.1619
1.1923
2.2471
2.2640
1.0922
2.2743
2.2843
1.1662
1.1791
1.1615
1.1727
1.2358
1.2532
1.2584
1.1892
1.9938
2.1964
2.0624
2.0613
2.0632
2.0053
1.9890
1.9483
1.9466
1.9698
1.7144
1.9930
2.0095
1.9939
2.0543
2.0539
2.0552
2.0068
1.9447
2.0330
2.0008
2.0345
2.0442
1.9790
2.0365
1.9604
1.9667
2.0387
2.0573
1.9900
2.0399
1.9833
2.0387
2.0351
2.0589
2.0450
1.9710
