1.6163
1.6368
1.6364
1.6506
2.3969
1.6120
1.9137
2.4521
1.6396
1.7521
2.5276
1.6264
1.7599
2.4372
1.6231
1.7517
2.3323
1.6183
2.5162
1.6222
2.9341
3.0249
3.0419
2.8819
2.7623
2.9939
2.9189
2.8438
3.0335
2.9796
2.8184
3.0514
3.0094
2.7470
3.0062
2.6339
3.0006
2.7898
2.8334
3.0099
2.2127
2.4884
2.9081
2.8382
2.9551
2.2550
2.8436
1.7733
1.8313
1.8231
1.7941
1.8137
1.8891
2.2162
1.7583
2.0791
2.8404
1.8314
2.2129
2.7396
1.4756
1.4048
1.3287
1.3512
1.3894
1.4146
1.4090
1.4251
1.4842
1.3713
1.4059
1.4218
1.4009
1.4800
1.4810
1.3693
1.4106
1.4249
1.3958
1.4351
1.3749
1.3861
1.4663
1.1342
1.4237
1.3492
1.3357
1.2543
1.2448
1.4987
1.4305
1.3991
1.1461
1.4193
1.3972
1.2515
1.4405
1.4626
1.4293
1.4244
1.1461
1.4966
1.4992
1.4262
1.4518
1.1206
1.4596
1.4229
1.2448
1.4870
1.4622
1.4726
1.1390
1.4785
1.4994
1.5359
1.5252
1.2130
1.4150
1.4275
1.4539
1.1362
1.4239
1.5119
1.5027
1.4618
1.4251
1.5118
1.4351
1.3962
1.1389
1.4529
1.1910
1.4551
1.4030
1.4504
1.4532
1.4343
1.1340
1.4289
1.3435
1.3716
1.4621
1.2383
1.4922
1.4464
1.1146
1.2244
1.2269
1.5079
1.4482
1.1388
1.4680
1.5468
1.1958
1.1966
1.5136
1.4156
1.1145
1.2389
1.2192
1.4318
1.4568
1.2378
1.4852
1.5941
1.1392
1.2273
1.4386
1.4329
1.2272
1.4841
1.4608
1.1431
1.1336
1.1313
1.1440
1.1369
1.1183
1.1407
1.6368
1.6685
1.6298
1.6154
1.6311
1.6327
1.6518
1.6619
1.6844
1.6012
1.6215
1.6383
1.6417
1.6259
1.6471
1.6138
1.7014
1.7083
1.7122
1.7150
3.1587
3.0502
3.6090
3.4841
3.1175
3.1301
3.9235
4.0175
4.0691
4.0791
4.5106
4.5987
3.3020
3.5003
4.3722
4.4366
4.5177
4.6213
4.7513
4.8504
3.0413
3.2811
3.3144
3.3414
3.4356
3.3708
3.3091
2.8519
3.1420
3.2754
3.2964
3.2968
3.1191
3.2257
3.6717
3.9686
3.7173
3.7567
3.7977
3.8061
3.7710
3.8053
3.8882
3.6586
3.2952
3.1072
3.3062
3.3105
3.5230
3.6943
3.8006
3.8776
3.1196
3.3177
3.3801
3.3877
3.5808
3.7472
3.6769
3.9170
1.7063
1.7121
1.7443
1.7568
1.7587
1.6355
1.6262
1.6171
1.6049
3.1664
3.0160
1.6114
3.2176
3.1987
1.9101
1.8578
1.8565
1.9132
3.0777
2.9946
2.2047
2.2323
2.2687
2.2701
3.1452
3.0651
2.3500
2.3596
2.3609
2.3527
3.2345
3.2235
1.8762
1.9455
1.9075
1.9458
2.3893
2.2690
2.3478
2.2763
2.8297
2.7387
2.9295
2.8376
3.3100
2.3554
2.5509
1.7560
2.3059
2.9888
2.9626
3.0720
3.1023
3.2024
2.9339
2.9153
2.8928
2.9421
3.1469
3.2591
3.2561
2.9964
3.0747
3.0376
2.9363
2.9040
2.8803
3.1070
3.5719
3.5772
3.4615
3.0769
2.8941
3.1063
3.6221
3.5614
3.5666
3.0799
2.9846
