95.6810
95.7039
96.8823
97.0424
97.7997
97.8324
76.1660
76.3945
66.7663
66.7810
67.1326
67.3349
73.0738
73.2694
94.2464
94.2380
97.2833
97.2876
97.4346
97.5173
66.9556
67.1651
68.7396
69.1059
74.3987
74.6357
90.3872
90.5598
92.4247
92.4659
95.8637
95.8595
65.6503
65.7876
65.8648
65.8485
76.4724
76.6573
65.5171
65.7382
66.1970
66.2766
90.0778
90.0936
90.0893
90.1327
90.3856
90.3943
72.4604
72.7303
65.8427
65.8533
68.2840
68.5347
89.9996
90.0125
88.1681
88.1125
90.0253
90.0518
72.6466
72.4982
65.1588
65.3660
65.7076
65.7411
74.4349
74.6874
65.0320
64.9020
65.1706
65.3302
80.9475
81.1433
64.7620
64.9326
64.7179
64.3592
74.8779
75.1057
65.3734
65.2889
66.7132
66.8557
73.3104
73.5687
67.6058
67.0646
67.4316
67.2124
65.6926
65.6119
67.8777
68.1049
78.6765
78.4503
67.4693
67.6646
68.1138
68.2925
77.4085
77.6084
65.9435
65.9922
68.3913
68.6204
71.5109
71.3274
68.2864
68.3630
75.2429
75.2430
79.5053
79.5848
69.2449
69.2399
71.3531
71.5919
72.3707
72.6260
69.4181
69.4795
71.5049
71.7249
73.1185
72.9262
68.8136
68.8570
77.1792
77.1765
71.7036
71.9434
68.9825
69.0658
71.1624
71.4023
72.1220
71.9361
69.4221
69.4671
69.9961
70.2776
70.2172
70.4284
69.9087
69.9595
70.1013
70.3159
68.5132
68.7171
161.9846
162.4857
234.4619
234.6963
235.3484
235.5281
163.3930
163.9432
147.6279
147.9319
221.5605
221.9992
222.8575
223.1122
103.5989
103.6034
111.8082
111.7106
118.0076
118.1615
118.2672
118.6788
99.5534
99.5964
99.7813
99.8140
135.9653
136.3456
136.6916
136.9901
109.8134
109.6328
120.1258
120.3868
101.2180
101.1743
102.2761
102.1978
102.4532
102.3943
109.0743
109.0519
113.8827
113.8866
100.2508
100.2003
101.6913
101.6009
102.0606
102.0036
107.2522
107.3555
110.4652
110.4869
102.1979
102.1889
102.3159
102.1807
97.7690
97.6961
104.9966
105.0079
106.9189
106.9179
134.4045
134.6674
102.9459
102.9608
103.5367
103.5527
94.1122
94.1267
99.8271
99.8362
100.0603
100.0695
92.1036
92.0538
101.8099
101.8216
102.6529
102.6580
92.1022
92.0072
101.1036
101.1143
101.4648
101.4766
94.5839
94.6749
