29.7297
33.8507
29.5373
26.6326
27.4143
31.5636
30.5286
31.7882
28.8963
33.1443
32.2713
30.0782
30.4649
30.3585
28.4617
26.5567
28.0943
31.6669
27.7658
31.8519
34.0697
28.4225
32.0073
29.1438
29.7908
29.4093
31.6259
32.8229
27.6627
32.4515
31.2969
33.7136
33.6994
33.5298
31.7214
30.6126
30.9889
31.8407
30.5390
32.1759
29.6340
32.0354
30.3742
31.0386
30.4176
30.8260
35.7252
34.8063
33.6154
31.2603
31.2884
32.0459
31.4802
31.9410
31.8545
36.0207
33.4368
33.3793
31.9214
33.0313
32.4794
34.5136
32.5528
32.1176
32.9604
29.7451
29.4390
33.1572
35.8273
32.8475
