1.2075
1.2075
1.1387
1.1477
1.1481
1.1639
1.1356
1.1501
1.1473
1.1363
1.0837
1.1005
1.0954
1.1090
1.0831
1.1021
1.1662
1.1646
1.1328
1.1157
1.1012
1.1157
1.2356
1.2357
1.1221
1.1355
1.1603
1.1674
1.1685
1.1688
1.1107
1.1225
1.1347
1.1417
1.0088
1.0016
1.0809
1.0992
1.1467
1.1589
1.0009
1.1740
1.0238
0.9914
0.9872
1.0100
0.9752
1.0122
0.9767
0.9919
1.0068
1.0116
0.9953
1.0047
1.0420
1.0417
1.0163
1.0140
1.0126
1.0205
0.9709
0.9879
1.0053
1.0053
1.0066
1.0121
1.0106
1.0174
1.0025
1.0102
1.0281
1.0285
1.0195
1.0249
1.0420
1.0445
0.9986
1.0046
1.0097
1.0090
1.0188
1.0441
1.0580
1.0767
1.0557
1.0679
1.1184
1.1214
1.0165
1.0183
1.0312
1.0286
1.0512
1.0104
1.0181
1.0517
1.0617
1.0789
1.1241
1.1241
1.0091
1.0215
1.0487
1.0567
1.0472
1.0338
1.0717
1.0617
1.0140
1.0180
1.0192
1.0225
1.0239
1.0371
1.0983
1.1002
1.3543
1.3730
1.4360
1.4435
1.4128
1.4240
1.3638
1.3783
1.3873
1.4112
1.4668
1.4816
1.3825
1.3987
1.4526
1.4703
1.5249
1.5250
1.3078
1.3150
1.3190
1.3334
1.4022
1.4023
1.3694
1.3880
1.3234
1.3495
1.3458
1.3666
2.3999
2.4143
2.4431
2.4492
2.4629
2.4662
2.4462
2.4680
2.5325
2.5530
2.5601
2.5740
2.5426
2.5741
3.3283
3.3602
3.4219
3.4474
2.7183
2.7393
3.4521
3.4954
3.5813
3.6222
2.9244
2.9339
3.6593
3.7172
3.7614
3.7892
2.0681
2.0870
2.2540
2.2646
1.9607
1.9743
2.1975
2.3403
2.3344
2.1947
2.2165
2.2101
2.2079
2.2046
2.2544
2.2419
2.1887
2.1936
2.2860
2.2219
2.2272
2.2916
2.0865
2.0988
2.1253
2.1131
2.2859
2.2680
2.2390
2.2436
2.0463
2.0635
2.2400
2.2230
2.2072
2.2477
2.2026
2.2724
2.2617
2.1892
2.1116
2.1242
2.2129
2.2065
2.2173
2.2018
2.0418
2.0221
2.2741
2.2745
2.2442
2.2573
2.5439
2.5058
2.3028
2.3025
2.1914
2.1674
3.0982
3.1399
