272.8599
273.6665
273.0034
272.9534
273.4565
274.6996
275.0135
273.9060
272.9000
273.7781
275.1465
273.6743
271.8638
275.5308
273.7164
273.8738
273.3313
273.5655
278.1638
277.3772
277.7399
276.5354
275.6844
277.3764
277.6594
277.6411
277.4371
276.4876
279.0189
276.6678
271.3439
271.1032
271.3509
271.7566
272.9308
270.7851
271.3546
272.8319
271.3867
271.3291
271.2368
273.0331
272.6583
271.2708
271.0267
271.5964
271.0767
272.2369
271.2707
272.6425
300.8443
319.2339
307.2158
301.4440
310.7718
308.0436
295.4266
318.0103
305.7917
298.7757
307.0212
306.0812
296.6069
317.7449
300.3528
303.3057
317.8615
299.0657
306.2516
307.1787
