2.7674
2.7728
2.7885
2.7996
2.7787
2.7613
2.7796
2.7806
2.7826
2.7770
2.7775
2.7911
2.8336
2.8057
2.8394
2.9280
2.8220
2.9027
2.8144
2.9928
1.2604
2.3889
1.3406
1.2539
2.4264
1.3078
2.3474
3.2032
1.3081
2.4537
2.4695
1.2210
1.2218
2.0833
1.3361
5.9376
1.2624
2.6413
2.3867
2.3801
1.2984
1.3063
1.2067
1.2128
1.2256
2.1723
5.1088
2.2567
1.3410
2.3994
1.3711
3.6036
2.2401
1.3476
2.3121
1.2133
2.2013
1.2229
1.3602
3.3895
2.5342
1.3180
2.3518
3.6421
2.4613
2.8548
1.2968
2.4812
1.3113
2.3091
2.5545
2.2977
1.2101
1.2181
1.2122
2.4482
2.4742
1.3211
2.4731
1.3122
2.4294
2.4223
1.3398
2.5376
2.3491
2.4440
1.4058
1.2276
1.2289
1.2208
1.2250
1.3761
2.5227
1.2158
1.2237
1.2262
1.2252
1.2103
1.2130
1.2146
1.2146
1.2097
1.2124
1.2172
1.2210
1.2156
1.2183
1.2206
1.2224
1.2010
1.2087
1.2203
1.2254
1.1964
1.2020
1.2100
1.2190
1.1962
1.2017
1.2122
1.2183
1.2361
1.2435
1.2427
1.2677
1.2407
1.2538
1.2530
1.2574
1.2201
1.2286
1.2401
1.2443
1.2334
1.2361
1.2433
1.2540
1.2348
1.2470
1.2469
1.2466
1.2481
1.2510
1.2527
1.2523
1.2094
1.2138
1.2425
1.2446
3.0501
3.0305
3.0476
3.0582
2.9773
3.0167
3.5911
2.8371
2.8484
2.9060
2.9129
2.9109
2.9122
3.4573
2.8593
2.9299
2.8877
2.9167
2.9151
2.9196
3.4738
2.8433
2.8534
2.8281
2.8622
2.8722
2.9525
2.9575
2.9673
3.5393
2.9350
2.9717
2.9706
2.9706
3.3396
3.5087
3.0562
3.0684
3.0816
3.0495
3.0656
3.0729
3.3408
3.3137
3.3572
2.9976
2.9802
3.0165
3.0163
3.0041
3.0136
2.9357
2.9244
2.9579
2.9656
2.9782
3.0018
2.8851
2.9222
2.9380
2.9463
2.9627
2.9633
2.9049
2.9111
2.9329
2.9368
2.9422
2.9466
1.8097
1.8011
2.9352
2.9363
3.1319
6.1638
5.2318
1.6829
4.7357
1.7152
1.7066
4.5105
2.9132
2.9038
3.1526
5.2863
1.8203
1.8171
3.9743
1.6732
1.6793
2.9300
2.9404
3.1358
4.0577
2.9669
2.9579
3.1214
4.3859
2.9164
2.9273
3.2432
4.2733
2.9015
3.1272
2.5893
2.9201
3.4848
4.9104
2.5232
3.1167
2.9411
3.4742
3.1017
2.8870
4.7371
2.4746
3.1128
3.4527
2.9048
3.1087
2.8878
3.0997
3.0981
3.7479
4.5610
2.8439
3.0892
3.0699
2.8896
4.3954
8.3951
2.8712
4.3134
