5.4619
5.3466
5.4384
5.3261
5.3264
5.3594
5.2951
5.3563
5.4062
5.4310
5.3598
5.4557
5.2404
5.3603
5.4006
5.3504
5.4713
5.5007
5.4140
5.3644
5.3676
5.3698
5.4427
5.3282
5.4065
5.3623
5.3813
5.3671
5.3510
5.5087
7.8136
7.6604
7.7006
7.6158
7.9855
7.9489
7.6846
7.9838
7.8175
8.0031
8.2002
8.0353
7.9151
7.8989
7.9156
8.1416
8.0063
8.2089
8.0815
7.9697
2.7536
3.7672
6.9002
3.8971
2.4521
3.0970
3.4988
6.7391
2.5759
3.1118
3.8249
2.3948
2.3944
2.5393
3.6429
7.3271
2.5655
3.4748
6.8957
2.6996
2.3822
2.3867
3.4668
3.8989
3.6057
21.1959
4.0706
2.3768
2.4087
4.2721
6.7395
2.6016
2.5980
4.6261
3.7614
3.7521
5.1478
2.9627
5.1181
3.5311
2.6203
3.6112
7.6856
4.0225
2.4293
2.3903
3.2989
3.6748
3.8449
5.6341
3.6641
2.6110
2.6035
3.7147
2.4229
3.0756
2.4456
4.1766
2.5991
5.6875
3.6073
5.4171
2.6991
3.7217
5.7672
2.4300
2.4521
3.7111
3.4818
2.7236
3.9089
5.0958
2.5811
4.0155
2.4351
2.3878
3.4200
28.7513
3.6004
7.0444
4.3297
2.4160
3.2303
2.3618
2.4288
3.4769
2.3972
4.1044
2.4168
2.4227
3.2999
3.8069
2.5128
2.5148
3.4561
3.9845
2.4694
2.5109
3.3324
4.0678
2.4777
2.5089
3.3817
3.8773
2.5070
2.5152
3.5608
3.6584
2.5169
2.5195
3.3778
3.6500
2.5263
2.5246
3.3609
3.5851
2.4507
2.4604
3.3740
4.7556
2.4889
2.4958
3.1672
3.8316
2.4273
2.4316
3.7276
3.7779
6.0515
6.0209
7.1077
7.1396
7.1799
7.1896
7.2702
7.4215
7.0972
5.7451
5.7772
7.6538
7.9994
6.9262
7.2014
7.2274
5.6339
5.7188
8.3086
9.3862
7.4199
6.8485
6.9446
7.4188
5.8568
6.8190
7.0004
7.5091
6.9128
6.9273
5.8633
5.9542
7.1848
8.4638
8.9609
4.6444
6.0971
5.9745
5.9777
8.2486
12.0029
4.6020
4.6343
5.9767
6.0749
7.9424
10.0610
4.5956
5.9634
6.0787
5.9469
8.0771
4.6454
4.6368
10.1258
4.6234
5.9516
6.1459
5.9444
8.1420
12.8373
5.9965
5.9335
7.8802
5.9366
10.0562
4.5108
5.0894
6.3307
5.7920
6.6819
7.4389
7.4793
6.3990
4.4682
5.1472
4.3625
5.6373
6.2568
4.9471
4.5511
7.4244
7.1259
5.7951
10.5011
6.5625
4.2966
5.1337
7.4345
5.9813
7.0711
7.3182
5.7692
7.2593
7.7968
8.1017
5.6745
7.7263
7.9643
8.0719
4.8848
4.8093
7.5021
8.1658
9.0115
8.1349

11.6506
4.8177
4.8659
4.7631
7.4345
7.4029
7.7791
7.7915
8.2813
7.9051
7.4667
7.5899
7.8133
8.9324
7.7549
7.7365
7.3520
7.6771
8.0276
7.7419
7.5352
7.3898

7.0726
7.2204
7.0179
7.8332
