41.4076
41.9134
40.7684
40.4592
40.4616
41.3821
41.1408
41.4391
41.2489
42.1854
40.8237
41.5794
40.9524
40.6378
40.5392
41.7295
40.6179
41.5035
40.6055
40.8150
41.5966
40.6658
40.9356
41.4898
40.7208
40.5424
41.7250
40.6746
40.8104
40.7996
47.2385
47.5190
47.8050
47.3406
45.6080
45.4573
45.7012
46.2462
46.3741
47.0018
45.6929
48.2481
46.9482
47.9723
47.7324
47.3470
47.3014
46.5278
47.2223
46.3284
36.5675
36.6983
41.1128
36.2589
35.5274
40.0491
42.8230
35.5232
37.1839
34.5286
36.3704
36.5189
35.5248
35.1017
35.2657
35.1455
276.3436
35.1338
38.5203
42.3443
35.0233
35.5999
43.7845
35.1832
35.6498
48.2915
35.2384
34.6337
30.8062
30.9082
35.3923
36.9670
34.7476
36.0589
30.9477
41.1888
36.1413
37.1452
35.4525
34.6932
31.3089
31.2862
36.7369
36.8308
53.7951
31.4678
31.3572
36.0253
38.7727
36.2470
41.6043
33.3992
44.1815
30.8920
30.7761
35.6468
40.1679
34.3270
41.5952
31.2503
31.4016
36.4182
37.8719
32.9525
40.4938
30.6183
30.7077
35.3707
33.3643
35.0702
39.9982
31.9785
32.2781
37.4303
38.4174
34.1196
42.3968
30.7818
30.5111
35.5937
38.6944
34.3681
40.5145
31.2529
31.6386
35.4880
37.9375
38.9494
34.3895
30.5982
30.6392
36.0042
36.6905
32.7829
30.4620
30.5862
35.2851
36.9662
31.0529
31.3679
35.8830
133.2895
31.9841
31.8717
35.8615
38.4616
34.6984
40.2164
34.5500
41.3604
31.0031
31.0686
35.7857
39.3883
35.8733
41.5453
31.1434
35.5985
30.6431
40.2702
30.8590
31.0307
34.5891
37.3482
30.9428
31.2661
35.8687
37.6296
30.9151
30.9990
35.2469
36.4994
30.7163
30.8877
35.1722
37.5380
91.0703
92.2941
92.7136
91.0273
97.0227
97.6933
101.3666
81.4589
88.8606
94.6119
92.3923
95.3179
95.4530
102.3331
74.7350
76.8500
101.4556
74.6862
83.1110
83.4034
85.3082
58.3292
59.8102
90.2926
97.5712
98.0499
101.6137
87.4810
109.4038
89.9480
93.8810
103.1545
103.6025
105.6586
102.3088
53.1808
53.3570
53.1434
53.2718
53.0807
53.3239
82.1668
82.4090
97.3034
99.7478
52.7785
52.9881
125.9298
82.0113
82.6960
53.5362
53.3683
93.5040
97.6695
100.2574
82.0954
82.8591
93.7790
97.6083
96.4904
81.7543
82.4156
92.5623
96.9549
98.7367
82.4074
82.8746
94.1393
96.8462
121.0112
43.5100
45.4442
44.1931
48.0872
48.1149
45.1751
47.2482
51.1861
43.8276
47.9967
53.1901
48.3514
48.3666
46.5189
49.4878
54.0752
54.1913
59.7199
61.7058
57.9862
54.4791
58.7759
61.4902
53.7684
58.2497
61.9971
66.1553
53.9184
54.0729
58.0878
62.4733
54.3566
57.8976
57.6957
60.3454
49.4187
49.5114
49.4401
50.4484
49.3200
63.1712
67.8535
70.8838
83.6905
66.0384
72.5236
85.3366
85.8805
74.4714
69.9576
61.9372
68.9076
70.9922
72.1833
73.4939
80.8254
63.8781
72.6540
81.4268
82.2928
67.0604
64.2166
66.4991
71.0247
78.9635
84.6034
64.4586
74.7666
85.3294
90.5153
