11.7551
11.3095
12.4274
12.2239
12.0948
12.1589
11.5134
12.2832
11.9088
11.3363
11.8533
10.6425
11.8529
10.9259
10.5818
11.4570
11.0523
11.6734
11.1663
11.2880
11.5757
12.6606
11.9520
10.8452
12.3154
13.0707
11.9152
11.4807
11.7363
11.9245
11.6978
12.0549
10.6322
10.6721
11.4758
12.5441
11.6187
11.7135
11.8118
11.3626
12.2382
12.0328
11.6812
10.7425
11.3478
11.7812
11.6628
11.2094
12.4845
12.1897
10.7128
11.5782
12.2192
11.1419
11.7004
11.6625
13.0779
12.7325
11.3750
11.5375
12.3656
12.1643
11.5919
11.2741
11.4944
11.4503
11.7751
11.3225
11.5366
11.4964
