19.9102
20.3511
19.3450
19.4667
17.5681
19.4660
19.3264
20.0346
18.7928
19.6121
19.3970
17.4905
19.3864
20.1044
19.2475
20.2796
20.1142
20.1780
20.4125
20.2136
18.9820
20.0109
20.0209
19.9319
20.2555
19.5126
20.0339
20.2104
19.7874
19.0226
21.6922
21.6489
20.0740
20.1240
19.1977
20.4610
20.3337
19.9413
17.3499
15.8556
20.7795
19.7959
17.9728
20.5780
19.5926
17.1512
21.3337
19.3090
21.1309
20.0293
20.0037
20.2149
19.9256
20.3677
19.5918
20.2225
18.7871
18.0523
17.2894
20.7379
18.9788
19.5756
19.0791
19.3185
20.2766
19.6321
19.8449
17.9612
18.1127
22.3608
