6.3027
5.7605
6.3152
5.7194
5.6563
6.3006
6.3689
5.5220
5.3718
6.4626
6.2215
5.9162
6.3231
6.3221
6.3688
6.1588
6.6990
6.3174
6.4426
6.4772
4.7918
6.5847
5.2999
3.2611
4.9901
4.7512
3.0996
4.8316
5.4169
4.9306
3.0896
4.9526
3.0113
7.5956
6.1072
3.2045
4.8640
5.1242
3.1586
4.9364
4.8924
3.1327
5.0130
5.0675
3.1926
5.1775
5.4861
3.2705
4.6703
4.5690
3.1498
5.0403
5.5928
3.0919
5.1060
5.0784
2.9987
4.9420
4.6701
3.1634
5.0293
4.8861
3.1792
5.0647
4.9624
4.6192
3.0368
5.3667
3.1660
4.7906
7.0898
3.2223
4.9947
4.5468
3.0113
5.2136
3.1909
4.6164
4.5270
3.1425
2.8406
2.8085
2.9134
2.8236
2.7519
2.7814
2.7979
2.9254
2.7918
2.7966
2.8035
2.7532
2.7827
2.8485
2.8645
2.8921
2.7773
2.7800
2.8270
2.8540
2.8257
2.9179
2.9041
2.9982
2.7585
2.7883
2.8302
2.8786
2.7820
2.8519
2.8772
2.8858
2.8235
2.8308
2.8471
2.9160
2.7523
2.7662
2.7812
2.8110
2.7939
2.8485
2.8753
2.9009
2.7954
2.8021
2.8554
2.9571
2.7451
2.7511
2.7804
2.7832
2.7680
2.7941
2.8168
2.8359
2.7693
2.7845
2.8189
2.8544
2.7205
2.7785
2.7927
2.8000
2.7472
2.7726
2.7848
2.8471
2.6924
2.7177
2.7896
2.7988
2.7516
2.7614
2.7634
2.8367
2.7466
2.7679
2.7828
2.7904
6.1735
6.7347
6.7774
7.1024
7.2443
7.2056
8.1356
6.8507
7.0729
6.7811
7.0496
7.4702
7.0751
7.2320
7.2215
8.0885
6.9500
7.1184
6.8861
7.0730
7.3087
7.7942
8.1576
6.3213
6.4583
6.7311
7.4087
7.2308
7.3309
8.4269
6.8318
7.0499
7.2064
7.0977
8.4170
6.8575
6.8106
6.8767
6.8081
6.6636
7.5863
7.6033
7.7645
7.6369
7.7555
7.8696
7.2887
7.3673
7.6517
7.6672
7.4207
7.5526
7.1688
7.2093
7.3344
7.4238
7.4563
7.4881
6.8697
6.9217
7.5854
7.6665
7.6755
7.7444
7.8040
8.0143
7.0194
7.0501
7.1665
7.2694
4.4090
4.4867
13.7278
4.5066
4.6003
8.8689
4.3491
4.3623
8.2212
4.3435
4.2463
7.1864
6.9694
4.9976
4.8895
10.6916
6.8997
7.1550
7.4701
8.2695
7.1215
8.2126
6.9816
7.2222
6.9110
7.1523
7.1807
8.2592
6.7414
7.0202
7.2371
8.3056
4.8481
4.8593
5.1001
4.8997
4.8065
7.0408
7.4113
6.9867
7.1098
6.8748
6.6370
6.8607
10.8354
9.6972
6.8314
6.7281
7.1993
7.1255
7.7666
6.5815
6.7218
6.6313
6.6603
12.2868
6.5290
8.6378
6.9596
7.2044
6.8680
6.9871
6.9954
6.6920
7.4586
6.6016
