3.9288
2.7850
3.9037
2.7315
2.7235
3.7971
2.7086
2.7556
3.8246
2.7136
3.8396
2.7729
3.7786
2.7722
2.6942
2.7668
3.8880
2.7285
3.8575
2.6977
4.0508
4.0173
2.8983
3.2326
3.9566
3.8199
3.0602
4.0820
4.1718
4.1178
4.3720
3.9754
4.4254
4.3729
4.2633
4.1536
4.2810
3.0502
3.1787
4.2015
3.8378
4.1885
4.3641
3.8997
3.9812
4.0423
4.1356
4.5417
3.0267
3.0764
4.0519
4.3220
4.1426
3.9732
4.0107
4.1106
4.3066
3.9689
4.1840
4.1679
2.5998
2.6383
2.7790
2.8425
2.8419
2.8924
2.9111
2.9198
2.7779
2.3606
2.3548
2.7839
2.8835
2.7259
2.3533
2.3959
2.7920
3.0193
2.8427
2.0158
2.5484
2.3449
2.8026
2.9800
3.0131
2.6176
2.6896
2.2669
2.2319
2.9078
2.9095
2.9470
2.3490
2.3431
2.4805
2.8475
2.1614
2.6124
2.8691
3.0819
3.0094
2.0245
2.6190
2.6772
2.4232
2.8918
2.7406
2.0108
2.6426
2.6207
2.9484
3.0032
2.0309
2.3820
2.3716
2.6526
2.6705
3.0161
2.9447
2.8759
2.6485
2.6851
2.3738
2.8909
2.9164
2.8345
2.5841
2.5844
2.0214
2.4201
2.8393
2.8752
2.7259
2.7706
2.8180
2.0170
2.3413
2.3774
2.8236
2.9581
2.7864
2.8091
1.9914
2.8937
2.9277
2.7673
2.6104
2.6847
2.3030
2.3164
2.7674
2.7624
2.8002
2.6648
2.6785
2.2472
2.2636
2.8808
2.8861
2.5835
2.5928
2.0269
2.2916
2.7468
2.9123
2.6555
2.6562
2.0032
2.8266
2.3171
1.9720
2.1308
2.1487
2.7768
2.9339
2.0281
2.8584
2.6283
2.0008
2.1910
2.1944
2.7787
2.8553
1.9942
2.7452
2.8083
2.8257
2.8264
2.8724
2.8476
2.8692
2.8475
2.8816
2.8294
2.7923
2.8171
2.8245
2.9104
2.9271
2.9160
2.9610
2.8466
2.8812
2.9190
4.3625
4.7610
4.8558
4.6296
4.6151
4.7377
5.3314
5.4365
4.6860
5.0224
5.2853
5.5454
4.6042
4.9336
5.3515
5.4764
4.4993
4.7651
5.5330
5.5472
4.9931
5.3107
4.7636
4.9959
5.1083
5.3444
5.1733
5.1478
4.8486
5.0012
4.5319
4.8093
4.8350
4.9660
5.8174
5.8877
5.1811
5.1292
4.5243
4.7975
4.8128
4.8722
5.6425
5.3836
5.6256
6.0656
5.0825
5.2722
5.2991
5.3049
4.9637
4.7378
4.9960
4.9537
5.0368
5.0738
5.2296
5.5496
4.7755
5.4263
3.3513
3.3353
2.8239
3.1100
2.7554
4.8894
4.9588
3.1044
2.7735
2.7521
3.2578
4.8145
4.6733
3.0233
2.8119
4.7039
4.7041
3.2393
3.4607
3.4470
3.4287
4.6760
4.7932
3.3570
3.3496
3.3785
3.1765
4.8567
4.7538
3.2443
3.2818
3.0100
3.2739
3.2346
3.2341
3.2374
3.0326
4.2094
3.1368
4.4279
3.5955
3.9181
4.0698
4.4719
3.9981
4.1995
4.4873
4.7433
4.5156
4.7610
4.4698
4.9039
4.4743
4.5123
4.6791
4.6204
4.3065
4.8142
4.7875
4.5412
4.5234
4.6434
4.8247
4.4974
4.5494
4.4121
4.4542
4.4429
4.7951
4.6556
4.8851
