17.4744
17.5310
17.5076
17.5665
17.5826
17.6372
18.1307
18.2019
15.8075
15.8276
16.0552
16.1009
17.4548
17.4028
16.3215
16.2644
16.0425
16.0059
17.6990
17.7519
16.2622
16.2860
16.2398
16.2180
17.5509
17.6100
16.2036
16.1998
16.2402
16.1946
17.7959
17.7393
16.4000
16.3119
16.7381
16.7952
17.7063
17.6568
16.3864
16.3340
16.2797
16.2214
17.7917
17.7378
16.4433
16.4845
16.3824
16.2729
17.9513
17.9020
16.3867
16.2770
15.9749
15.9229
17.5314
17.5835
16.3193
16.2668
16.5031
16.3817
22.2480
22.1923
21.7101
21.7796
21.9347
21.8601
17.8042
17.7628
16.5703
16.6083
16.9279
16.9280
17.3751
17.3224
22.4933
22.5367
22.0021
22.0421
22.2040
22.2420
16.1153
16.0106
15.9928
16.0618
17.2612
17.3169
16.3305
16.3885
16.3756
16.3833
22.0444
21.9957
23.0779
23.1180
22.4370
22.5007
17.3403
17.3922
16.1277
16.2779
16.1234
16.3263
22.1152
22.0748
21.8141
21.7523
22.1074
22.0373
17.6861
17.6343
16.4892
16.2385
16.4942
16.1945
17.5468
17.6000
21.2305
21.3193
21.1829
21.1164
21.3598
21.4116
17.4880
17.5420
15.9612
16.0168
16.1868
16.2000
17.4046
17.4580
16.3763
16.4367
16.4481
16.4549
16.0143
15.9708
16.0816
16.0991
16.2832
16.3250
16.5389
16.6450
15.9708
16.0043
16.9585
16.9617
38.2257
38.3154
49.7693
50.0907
50.1045
50.2960
37.5393
37.6682
51.4357
51.5531
51.4708
51.7215
36.9732
37.1797
52.1262
52.2601
52.2738
52.2879
39.4671
39.6061
40.0976
40.2409
53.8793
54.1368
55.1504
55.2141
50.8820
51.2203
52.2452
52.2890
25.0221
25.0308
26.0620
26.0885
28.5341
28.4367
24.8218
24.7368
25.8231
25.8203
27.4427
27.5350
25.4587
25.4531
26.5722
26.5416
27.9651
28.0057
24.2071
24.2854
24.3586
24.1367
32.3626
32.2188
25.4831
25.4671
26.1596
26.1353
26.8581
26.8901
23.8188
23.8777
25.9629
25.9657
29.7221
29.6921
25.2808
25.2666
25.0889
25.0481
29.3220
29.3576
25.3348
25.2381
25.3119
25.2032
37.2532
37.3133
23.8872
23.9790
24.9018
24.9761
33.2471
33.1755
23.6110
23.6721
25.5713
25.5495
31.1328
31.2912
