30.9568
30.8412
31.6384
32.2155
31.3518
30.8386
31.7186
31.1263
32.4464
31.7753
31.2803
32.3916
32.1174
31.3922
31.9416
31.9018
30.9490
32.2625
32.3194
34.5936
28.1194
29.8150
22.6567
29.9096
29.7495
22.8997
29.0534
29.3319
23.2433
29.3240
29.0640
23.2132
30.8877
29.9219
23.3036
29.7153
29.5091
23.3648
30.3028
28.3708
23.1566
29.6368
28.3953
23.4564
28.2806
29.0497
23.3591
29.3478
28.2725
23.4564
28.7051
29.6075
23.1964
29.2478
30.5714
23.5273
29.4492
30.3998
23.6711
31.4505
21.9029
21.7921
22.0263
22.1003
30.6525
23.2853
28.6565
22.2593
22.1800
22.4854
22.3795
28.1918
23.1019
29.3015
22.8997
22.5725
22.8028
22.5008
29.7658
23.4434
29.8606
22.6266
22.5364
22.5444
22.6491
30.4595
23.0559
30.2897
28.4833
24.1684
24.0685
23.8900
23.4042
28.6277
28.7143
21.9887
23.2902
21.9860
21.8829
29.5779
23.3945
22.8903
22.9429
23.5330
23.4666
23.1854
23.3364
23.2904
23.4944
23.0034
23.1088
23.5478
23.6220
22.2197
22.2258
22.3461
22.3211
23.6613
23.6771
24.0187
24.1299
23.1286
23.1307
23.3535
23.3598
23.5499
23.4746
23.8889
23.9947
23.0485
23.0769
23.0786
23.0788
23.2134
23.2820
23.7531
23.7251
22.9235
22.9275
23.0355
23.1762
23.4952
23.5431
23.9630
23.9821
22.7187
22.6724
22.9299
23.2109
24.3358
24.4651
24.4930
24.5873
22.5432
22.6494
23.0396
22.9820
39.5249
39.2352
49.7897
64.7378
64.9878
65.2711
62.7790
63.5828
76.7389
43.6642
69.3728
69.7132
69.6304
66.3970
66.6173
68.5904
48.3322
48.8074
43.9211
61.6843
63.0505
63.2430
74.8781
51.8774
55.7832
59.3954
62.7433
62.9932
63.0426
67.9287
68.9300
73.2953
73.5814
73.7009
83.2583
38.9789
38.3020
37.4683
38.4009
37.9284
87.8978
88.7054
97.6925
97.0513
97.5386
97.0245
87.3288
88.1859
95.9286
95.7574
96.1373
96.2406
94.6881
95.1893
97.6268
97.7213
97.9188
97.8981
85.5619
86.0993
99.0833
99.2168
99.3614
99.6955
90.4213
90.7577
94.5474
94.7425
94.8785
95.1175
35.1465
35.2441
34.6118
34.4921
50.8624
46.1332
46.2015
58.9012
42.1693
42.3438
47.4030
56.4950
40.1316
40.3690
44.5532
44.4416
44.4945
44.3185
49.4604
57.4781
70.9039
42.1379
41.9478
48.4337
51.0261
47.7362
47.9570
50.9688
59.1750
69.5971
48.1023
47.9387
53.1599
60.6751
31.4840
31.9502
31.7184
31.7809
31.4504
37.2530
38.2483
39.8941
41.8311
35.5785
34.4120
41.3067
39.6445
39.4704
41.9625
47.8468
52.7669
48.3719
46.1312
50.0059
51.7844
49.1840
56.0673
43.9699
47.8101
49.9556
54.9810
44.0270
52.5000
48.5860
51.4327
51.5913
56.0013
50.9953
55.0007
