127.2581
130.6058
126.5325
129.8558
128.3911
130.2007
127.0034
128.3311
128.5813
129.4374
127.8835
130.7150
125.7020
114.7349
114.9635
114.7080
115.0801
115.6711
115.5194
114.6286
117.1444
97.2389
113.1784
113.6817
95.6272
113.5985
115.9252
96.1688
119.1864
113.6003
96.4403
112.9427
99.4639
99.4755
99.2479
99.2415
114.3960
96.4512
114.7197
99.0100
98.7639
97.6423
98.1113
113.2994
96.1025
112.6311
98.8712
99.3343
100.8400
101.0481
112.9369
96.2971
114.0030
97.9528
99.2834
113.9970
99.0302
96.0786
113.3940
290.9774
295.3110
223.4378
100.7742
101.0370
99.0090
98.5363
96.4433
117.9820
306.5878
304.3428
306.6346
99.5782
100.8487
99.1300
100.5685
96.4017

366.1086
308.9735
312.9668
95.8352
117.2302
101.1177
111.5076
103.1290
101.3458
213.7542
96.2357
321.8979
323.0705
322.8524
114.3601
116.4102
99.0829
99.5743
101.8788
102.1087
96.4513
367.2201
115.1746
117.3430
282.9887
288.8104
102.4801
102.2560
99.9211
99.6108
96.1428
113.8513
238.8163
99.8775
100.1005
102.1978
102.4660
302.5694
305.2680
304.5559
96.1852
115.0510
118.8604
98.1004
96.2233
96.5583
98.3393
306.6056
311.9505
120.4015
95.8395
365.9437
114.5051
114.4933
98.5983
98.8684
101.7027
101.9830
96.0857
111.6054
289.6916
292.3976
293.6246
118.0074
209.8634
97.5851
97.7952
98.4252
216.0734
96.4631
111.4785
119.8003
114.3914
310.1802
182.7015
99.9593
102.7683
102.3307
100.4414
198.3929
197.9755
96.3123
115.4346
117.0606
90.7122
90.0676
89.7987
90.5128
96.2816
114.0750
206.2444
114.1153
95.0271
94.5699
97.4046
97.1573
93.2475
93.7009
96.6050
96.9953
92.7269
93.1592
96.1906
96.5987
93.5568
93.7887
97.7176
97.9710
94.0105
94.2451
96.3006
96.1033
143.8257
144.9557
142.4753
136.6612
135.7194
451.7342
450.2831
450.2090
450.3035
451.4680
451.8046
477.9603
479.5545
465.5268
465.3609
466.4729
464.8720
466.9149
467.2087
460.9342
461.2807
462.5786
460.3459
187.1500
187.6964
452.1731
455.7415
456.8318
456.6408
457.4170
455.6311
202.9798
202.3804
195.8108
196.6927
218.6865
242.5932
242.2785
201.5269
201.0238
194.3930
194.0552
180.2961
217.1035
236.0473
486.2545
485.7781
467.3940
467.2526
468.8333
468.2749
207.0623
207.6100
155.7465
174.8947
175.0073
204.1897
218.2061
192.3233
192.8844
185.8647
163.1509
163.4848
195.4362
216.1671
213.3073
165.4592
164.6816
196.4544
215.7208
119.0527
120.6061
120.5278
229.5070
121.0493
247.7960
213.0184
265.4134
266.2388
225.9165
119.0950
229.6089
245.5456
238.4135
255.3058
271.3805
282.7794
230.7632
241.5444
258.5270
275.0136
275.8116
296.6884
221.6990
229.9178
224.6307
238.6004
255.3362
256.9021
137.3748
137.2962
161.5252
171.6472
173.3425
175.8260
