0.7559
0.7567
0.6512
0.6536
0.6512
0.6526
0.7602
0.7602
0.7637
0.7636
0.6480
0.6480
0.7487
0.6514
0.7179
0.7257
0.7485
0.7485
0.6431
0.6429
0.6386
0.6403
0.7761
0.7796
0.7488
0.7486
0.7353
0.7353
0.7241
0.7252
0.6411
0.6425
0.6423
0.6409
0.7248
0.7273
0.7555
0.7552
0.6857
0.7016
0.6398
0.6429
0.6429
0.6406
0.7434
0.7436
0.7605
0.7604
0.6409
0.6413
0.6427
0.6427
0.7477
0.7458
0.7322
0.7317
0.6214
0.6418
0.6238
0.6420
0.6980
0.6997
0.7406
0.7406
0.6400
0.6404
0.6421
0.6420
0.7788
0.7788
0.6374
0.6379
0.6544
0.6545
0.6438
0.6444
0.6451
0.6451
0.6447
0.6444
0.6453
0.6448
0.6499
0.6494
0.6522
0.6522
0.6507
0.6498
0.6520
0.6520
0.6383
0.6399
0.6462
0.6462
0.6619
0.6610
0.6685
0.6684
0.6447
0.6463
0.6465
0.6454
0.6434
0.6439
0.6720
0.6722
0.6414
0.6424
0.6429
0.6414
0.6462
0.6483
0.6485
0.6466
0.6705
0.6696
0.6743
0.6742
0.8888
0.8884
0.9072
0.9073
0.9069
0.9055
0.7915
0.7932
0.8562
0.8559
0.8878
0.8877
0.8565
0.8580
0.8744
0.8744
0.8869
0.8862
0.7871
0.7889
0.8688
0.8679
0.8777
0.8771
0.8607
0.8598
0.8866
0.8866
0.9032
0.9032
1.6846
1.6851
1.7652
1.7655
1.8967
1.9002
2.0275
1.6595
1.6585
1.7203
1.7210
2.0286
1.4710
1.4683
1.6918
1.6920
1.9946
1.9943
1.6360
1.6368
1.6948
1.6906
1.7000
1.6891
1.6816
1.6820
1.7862
1.7862
1.8465
1.8497
1.3848
1.3847
1.6427
1.6422
1.6931
1.6917
1.6099
1.6131
1.5509
1.5511
1.5805
1.5796
1.4978
1.4990
1.6132
1.6149
1.4720
1.4753
1.6006
1.5974
1.5825
1.5834
1.4260
1.4244
1.5159
1.5168
1.6304
1.6296
1.5667
1.5679
1.4455
1.4359
1.6304
1.6302
1.6711
1.6710
1.6384
1.6385
1.6780
1.6780
1.5542
1.5546
1.6494
1.6493
1.6639
1.6638
1.5801
1.5807
1.6472
1.6473
1.6823
1.6823
1.4076
1.6482
1.6482
1.6680
1.6678
1.6085
1.6084
