80.0329
81.1623
80.3957
80.2396
80.7182
80.4353
81.8671
79.7605
81.2501
79.3437
79.9253
79.6249
81.2432
79.9329
79.1558
79.8274
79.3655
80.0819
79.7812
79.7177
79.3738
79.2822
80.4989
82.8789
81.1499
80.9015
82.1898
79.7141
80.1257
79.8465
82.9521
84.4753
82.0659
84.0766
82.8262
83.2896
82.3793
82.7388
84.4221
82.7386
82.0047
83.0413
84.4829
83.4397
84.8373
82.3746
83.1489
82.5981
81.6462
82.2103
89.1156
89.9038
91.9987
88.8057
89.4959
88.8350
90.1131
90.1843
89.1419
89.1114
86.6889
90.3192
91.4794
88.2829
88.9102
87.6348
90.7595
91.3715
90.7387
89.6873
