4.6951
4.7147
4.7988
4.7606
4.8412
4.9518
4.5377
4.6029
4.9094
5.0465
5.0061
4.9184
4.9352
4.7070
4.7936
4.9152
4.8426
4.5588
4.5523
4.8562
4.8351
4.6243
4.5695
4.8359
4.8908
4.8416
4.6183
4.7461
4.8577
4.8373
5.3998
5.7019
5.4512
5.4818
5.4046
5.7740
5.4543
5.3886
5.5808
5.4895
5.6359
5.6479
5.7227
5.3873
5.6113
5.7536
5.7221
5.5838
5.6222
5.4607
2.6411
2.6792
2.8990
2.9278
2.7040
3.1828
3.0626
2.4921
3.0732
3.8618
3.2689
3.0237
2.8312
2.8183
2.5847
3.2723
5.0554
2.5440
2.9570
4.8886
3.0354
2.6893
9.1156
2.9135
3.3731
5.0195
2.9793
3.0322
2.9159
2.9837
3.1540
2.9067
4.2644
3.6400
4.4989
3.2712
3.0309
5.4384
3.5054
5.5585
2.8928
4.0694
3.1143
4.1793
3.2061
4.6676
3.1385
4.1116
3.1081
4.0784
3.1335
4.8617
2.2721
2.9595
3.1170
2.3381
3.0621
3.8839
3.1417
4.7103
2.3235
2.2819
3.2185
2.7302
2.3165
2.8145
2.2546
4.1746
2.3341
2.3324
2.9714
2.9579
2.1803
2.2928
2.7903
5.0112
2.2895
2.3119
2.8599
3.1826
2.2762
2.3227
2.8494
2.8624
2.2312
2.2517
2.7952
3.3656
2.2908
2.3543
2.7941
3.2762
2.1125
2.1720
2.7589
3.9869
2.3188
2.4292
2.9067
3.0230
2.2759
2.3761
2.7377
3.4000
2.2597
2.2957
2.8273
3.4551
2.1997
2.2710
2.8004
2.9782
2.3425
2.3998
2.9569
3.2047
2.2565
2.4024
2.9998
3.3302
2.3466
2.3772
2.9305
3.6008
2.2409
2.3540
2.9723
3.3001
2.2586
2.3384
2.7213
3.6419
2.2979
2.3319
2.8962
3.0263
6.1652
6.1565
6.7351
6.0422
6.3374
7.0730
7.3550
6.9659
7.0260
6.1971
5.5668
5.6308
6.1470
6.8221
5.8146
5.8887
5.6275
5.3361
5.4530
6.1178
7.3207
5.8584
6.6398
6.6498
6.1920
6.2019
6.5409
6.7801
6.9177
5.3474
6.0334
7.0685
7.1863
7.7748
8.1670
4.0954
4.2215
4.2389
4.2063
4.2234
4.2156
4.2036
4.3094
4.2352
4.2805
7.3794
7.7568
6.1102
6.2311
13.5149
6.4502
6.5071
7.3703
8.1859
12.7574
6.1113
6.2010
7.2009
7.8081
10.4190
6.2073
6.3462
7.4687
7.9036
10.7143
6.2506
6.3327
7.5480
7.9916
11.6830
3.9939
3.9904
4.3802
4.1823
3.9963
4.1088
4.2289
3.8802
4.3956
3.9460
4.4265
4.1392
3.8621
3.9018
4.0762
5.9043
5.8376
5.0556
5.8128
5.0293
5.7054
6.0521
6.1324
5.0805
5.5754
5.7438
5.8525
5.0502
5.8390
5.9646
6.2774
5.0626
5.8968
6.3040
6.4395
3.9649
4.1497
4.0491
4.0613
4.0820
5.8879
6.4587
5.5333
7.8297
6.3713
6.5500
5.6880
7.1953
12.6847
7.2520
5.9283
5.6631
7.1315
6.1162
5.6300
5.9887
6.8114
5.9956
6.2379
6.5954
6.6880
5.7787
5.9584
5.9232
6.7639
6.0811
6.1855
6.3024
6.9001
