3.2901
3.2820
3.5285
3.4670
3.3721
3.3707
3.6062
3.5291
3.5245
3.3361
3.4201
3.6260
3.4385
3.5545
3.4242
3.3590
3.3666
3.3756
3.3565
3.4501
2.7856
2.4884
3.2466
2.5554
3.7191
1.6264
2.9696
2.5433
1.6350
2.3322
2.5447
2.8270
1.7146
2.3669
2.3595
2.5455
1.6136
2.4388
1.7055
2.6414
3.0684
1.7809
2.3892
2.8684
1.5874
2.6339
2.4709
1.6587
5.7232
4.4344
2.5992
1.5966
3.7487
1.5756
2.4661
1.6622
2.3561
5.3976
2.4860
2.3328
2.3209
1.6125
2.7519
1.7294
2.4664
2.4552
1.5773
1.5478
2.7990
1.6929
2.3558
1.6135
2.3369
1.5666
2.2968
1.5922
5.3244
1.5509
1.6019
1.6119
1.6460
1.5053
1.4790
1.4860
1.5125
1.4969
1.5242
1.5460
1.5635
1.5380
1.5451
1.5590
1.5689
1.6256
1.6286
1.6445
1.6632
1.4854
1.5398
1.5226
1.5067
1.5866
1.5957
1.6168
1.6233
1.4961
1.4592
1.5180
1.5327
1.5256
1.5485
1.5516
1.5741
1.4689
1.4842
1.5052
1.5112
1.4806
1.4814
1.4961
1.5275
1.4621
1.4823
1.5038
1.5238
1.4890
1.5101
1.5158
1.5329
1.4766
1.5075
1.4851
1.5241
1.4503
1.4851
1.4917
1.5130
1.4802
1.5011
1.5110
1.5242
1.4864
1.5100
1.5572
1.5675
1.4799
1.5001
1.5091
1.5290
1.5760
1.5990
1.6162
1.6390
1.5718
1.5737
1.5952
1.6083
4.0049
4.1518
3.4940
3.4990
3.8384
3.4397
3.7231
3.8277
3.8566
3.9378
4.0561
3.5946
3.8327
3.3679
3.5007
3.6295
3.6825
4.2756
3.5417
3.5317
3.6853
3.9293
4.0410
4.0945
5.1145
3.3053
3.8448
3.9606
4.0394
3.9481
4.7442
4.8198
5.0807
6.2342
4.7082
3.7526
3.7040
3.7914
3.4618
3.3014
4.0742
4.0741
4.5211
4.5614
4.7046
4.6864
3.8760
3.9397
4.2614
4.3504
4.4395
4.4483
3.8710
3.9354
4.3065
4.3572
4.6474
4.6626
4.1006
4.1142
5.5419
5.5993
5.6430
5.7119
5.7789
5.8024
4.3831
4.4749
4.4872
4.5230
2.8636
2.9027
5.6109
2.4009
2.4750
2.4594
2.3657
2.3397
7.1451
2.3886
2.4144
14.8441
3.6942
3.8251
4.0320
5.4266
5.3599
3.7087
3.5913
3.9584
4.5674
3.6720
3.6905
3.9549
4.5964
3.7343
3.7725
4.0665
4.8504
3.8884
3.8961
4.1514
5.1575
2.2940
2.4289
2.2537
2.4110
2.3242
3.4837
3.7355
3.7865
4.2903
3.5141
3.8611
3.9104
4.1831
3.4757
3.7221
3.7853
4.1047
3.3031
3.9410
3.4412
3.8713
3.5623
3.7857
3.5055
3.8456
3.8135
4.1334
3.2616
4.0033
3.5713
3.8161
