103.4369
102.8989
102.9047
102.9091
102.9976
102.9125
102.8036
103.0041
101.9662
102.1928
103.0201
108.3827
107.6488
108.9156
108.0949
107.2542
103.4444
102.9730
103.2738
103.1318
103.7394
104.4686
107.7459
108.1796
107.8237
104.7313
104.4788
108.3202
109.8293
111.8709
107.1573
110.6798
107.7229
106.4044
106.8026
104.0889
103.2345
103.5498
103.4199
93.3494
82.4870
89.8532
118.7641
117.7459
115.1031
115.2563
85.9047
85.4831
89.5027
93.5369
93.1542
82.4275
93.5934
93.7467
116.2257
116.0564
120.1072
119.3282
85.5911
85.2309
90.0525
94.7423
94.8802
82.5801
94.6960
94.8838
86.0766
85.7765
89.9922
94.2050
113.8831
114.0779
117.5450
117.0957
94.6336
94.3460
82.8322
85.6249
85.9896
89.3412
92.8760
92.6861
234.3908
234.1642
94.5884
94.8978
116.6525
116.9334
122.4859
122.1914
271.3906
273.2582
83.3651
85.4695
85.0311
90.2816
96.1204
96.0825
93.9958
93.7377
115.6458
115.4545
118.2669
118.0038
83.0139
85.2845
85.7306
90.1576
95.7238
95.7496
93.6390
93.5202
82.9340
227.4843
227.9744
85.1156
85.6861
90.0549
96.6948
96.4405
269.2787
271.7655
94.0764
94.2669
83.3507
85.2986
84.9451
90.1074
96.5370
96.6564
94.1892
93.9953
83.0992
122.1691
122.0795
175.1162
175.7707
84.9927
84.5284
89.9832
94.1539
94.4679
95.7412
95.5970
82.2274
85.5753
85.8925
91.1154
97.1121
97.1579
91.0245
90.8362
82.7532
114.5626
114.6887
146.3462
155.0703
84.8691
85.3177
89.3342
83.5999
94.2889
94.2896
94.3932
94.2749
117.8518
118.4259
83.0736
85.4671
85.8766
90.1351
149.8657
94.6118
94.9121
157.5728
94.4612
94.5505
83.1239
88.0780
87.7573
90.9862
93.8632
93.6668
93.3538
93.6548
82.8945
88.2057
88.4190
89.4976
93.0003
93.1368
94.2269
94.2233
83.0928
87.5415
87.2023
89.3106
93.6982
93.9457
93.5714
93.9095
84.0179
87.2406
87.5415
91.7693
91.5850
95.1840
94.9748
84.4411
87.6789
88.5829
88.3238
92.7652
92.8035
84.2056
93.9434
93.9944
86.3163
86.7717
87.6859
92.0385
91.6351
94.7031
94.5264
85.1772
85.4628
87.5530
92.0755
92.1130
93.7324
93.5951
84.2996
84.6396
85.7688
87.2997
202.1295
213.8367
255.4860
256.6612
212.8295
216.6885
341.3049
343.5985
346.1989
345.8564
270.9955
271.8317
204.8628
211.5312
206.5711
263.9753
264.7327
365.7364
366.3129
368.1332
369.7590
210.9456
104.1940
111.8727
103.0104
131.2289
131.1997
109.2684
204.1336
155.1262
154.3375
154.2284
155.8764
209.0233
276.0412
278.0208
101.2753
108.2429
130.4219
130.4169
333.1589
333.7375
333.7099
334.8754
148.4387
150.9529
151.3855
151.8162
101.2839
108.3521
130.4846
130.4613
101.2262
210.9591
211.1168
153.8191
155.8670
156.8155
157.5491
108.2979
136.8376
139.5449
140.4290
141.2590
128.1064
128.1691
117.2395
147.8639
147.7854
126.7252
149.6427
126.8272
128.2870
128.3045
117.3746
126.6252
126.8022
127.4864
120.1859
157.6151
120.2248
134.5317
170.1222
170.6439
159.5371
173.5601
167.6681
145.6271
114.5711
134.0856
109.9420
160.9415
161.2805
162.0352
128.9150
158.3530
165.8352
108.2745
119.7500
124.0721
124.0156
124.0856
138.3385
149.3301
143.3707
119.1229
121.5603
121.7055
122.1553
107.9891
108.6721
126.7781
119.8368
106.3734
122.6174
122.4027
123.2240
