11.0594
10.4628
9.3422
9.3459
9.3444
8.8518
9.6037
9.1702
9.5475
10.3784
11.2065
9.7509
9.2815
9.6363
9.4465
10.0633
9.2985
8.7534
9.5297
9.3614
11.0391
10.2458
9.2981
10.8729
10.3478
10.1642
10.6321
9.3370
10.3288
11.1877
14.3429
14.3873
13.9404
14.4998
14.2406
12.2743
14.2850
13.9545
13.0414
14.1374
13.7580
14.2471
13.1671
13.9020
14.2745
14.3542
13.0577
13.1876
12.4548
13.3391
5.7637
5.9541
6.1933
5.7169
5.5007
5.7400
6.0881
5.8668
5.4348
9.2373
7.5228
6.1185
6.7799
9.9354
6.6761
9.9594
7.6327
9.2805
7.0643
8.9190
6.5322
10.3171
6.8825
9.8735
6.9870
15.3594
7.6559
5.8347
10.3456
5.2786
6.9872
9.9956
5.9094
9.0806
7.3059
5.6057
7.4194
6.0289
12.9945
5.9753
7.2784
5.0725
5.0184
6.3916
5.8312
18.9359
5.9866
6.0930
11.6073
4.8576
6.1963
4.8801
7.2512
6.9931
9.9306
6.8662
5.8265
10.2234
4.9375
4.8842
6.4094
7.3236
9.0451
6.7322
6.5512
5.0366
5.1003
10.3077
6.5905
7.1987
13.9076
4.8226
4.8283
6.3775
7.3353
11.7141
4.8149
4.8493
6.9499
6.3267
4.7710
5.0122
6.5567
7.3424
4.9351
5.0727
6.8961
7.0199
4.8594
5.0155
6.4065
7.0953
4.7719
4.9545
5.9000
6.9822
4.9367
4.9531
6.3607
8.7026
4.9315
5.2527
6.6328
6.6422
4.9874
5.1628
5.8846
7.6264
4.7993
5.0115
6.6519
7.0947
4.7649
4.9854
6.2612
7.1629
4.9343
5.0297
6.4957
6.6746
4.9788
5.1043
6.1042
6.7853
4.9063
5.0369
6.2987
6.6785
4.9028
5.1608
6.6806
6.7113
4.8250
4.8259
6.3112
7.1762
12.9475
13.2109
11.5201
12.1544
13.9713
15.6729
15.2902
13.8481
14.6808
12.8688
11.8689
12.0546
14.2636
14.0535
14.2940
14.7452
14.0458
11.9891
12.2670
14.1542
15.3366
14.7920
15.2603
14.9789
11.8192
12.4251
14.1354
15.4900
15.0632
15.6679
14.7567
12.2883
12.6001
14.2103
14.4785
9.6080
9.6805
9.5638
9.7450
9.5197
9.6816
12.3860
11.8592
13.6577
16.7951
9.6957
9.8720
17.7556
9.6016
12.7995
13.4100
12.7298
15.5554
19.0387
11.9743
13.2620
12.6150
15.6735
23.9131
11.9581
12.2533
12.8614
16.1885
18.1851
12.0498
12.3142
13.0283
15.4622
18.7387
10.2510
10.1224
10.7187
10.8122
8.2855
11.5010
9.1520
9.2791
11.1019
8.6874
9.4327
8.0316
9.7887
8.7799
9.4627
13.5269
13.5901
11.9228
14.2941
11.9715
13.0819
13.5951
14.2702
11.3034
13.0667
13.3903
14.1105
12.0159
12.8913
13.1977
14.0787
11.2470
13.0956
13.4759
14.3791
9.3827
9.4178
9.3331
9.6471
9.4184
14.5819
14.3264
13.7098
13.2488
13.5999
14.5863
13.2423
20.5145
13.5611
14.6355
15.1823
13.5127
14.8511
14.3750
13.8332
13.7134
13.1672
13.4759
13.5803
14.2295
13.8869
14.1658
14.6587
12.8946
14.3923
13.7235
13.9127
13.5606
14.1129
