1.9444
1.9380
1.9081
1.9324
1.9023
1.9612
1.9085
1.9421
1.9696
1.9864
1.9273
1.9418
1.9437
1.9813
1.9575
1.9599
1.9649
1.9649
1.9796
1.9891
1.9441
1.9731
1.9641
1.9647
1.9307
1.9487
1.9383
1.9678
1.9315
1.9553
1.9095
1.9201
1.7161
1.6956
1.7082
1.7125
1.9991
1.9916
1.7041
1.7195
1.7285
2.0437
2.0458
1.7234
1.7490
1.7184
1.7027
1.9142
1.9134
1.8880
1.9064
1.7214
1.6877
1.6972
1.7170
1.7347
1.7489
1.7154
1.7435
1.7384
1.7381
1.7694
1.7632
1.6950
1.6824
1.7803
1.7788
1.7106
1.7095
1.7124
1.6870
1.7364
1.7284
1.8350
1.8351
1.7104
1.7170
1.6922
1.6992
1.7275
1.7444
1.7041
1.7384
1.6879
1.7038
1.7145
1.7386
1.6624
1.6552
1.6897
1.6947
1.6714
1.6813
1.6938
1.7078
1.6732
1.6757
1.7057
1.7162
1.6824
1.6817
1.6818
1.6874
1.7181
1.7278
1.7321
1.7391
1.6970
1.6985
1.7414
1.7453
1.6896
1.6930
1.7351
1.7353
1.7047
1.7431
1.7479
1.7694
2.2100
2.2188
2.3022
2.3282
2.2640
2.2898
2.2477
2.2663
2.2689
2.2752
2.2086
2.2595
2.1524
2.1469
2.2797
2.3072
2.2649
2.2889
2.1260
2.1566
2.2777
2.2814
2.1723
2.1727
2.2032
2.2037
2.2360
2.2437
2.3325
2.3631
3.5052
3.5128
3.7756
3.7834
3.7982
3.8042
3.7957
3.8054
3.5755
3.5801
3.5858
3.5957
3.5473
3.5374
3.6349
3.6485
3.7708
3.7772
3.1779
3.1969
3.3904
3.4045
3.5183
3.5269
3.3971
3.4036
3.4494
3.4808
3.6357
3.6735
3.2427
3.2971
3.3051
3.3157
2.9694
2.9836
3.1632
3.4051
3.4015
3.1595
3.1025
3.1610
3.1487
3.1547
3.2817
3.2864
3.1245
3.1276
3.2490
3.2689
3.3054
3.3247
3.2401
3.2408
3.0780
3.2402
3.2642
3.0744
2.8932
2.8926
3.2304
3.2120
3.2654
3.2781
3.0229
3.0615
3.2109
3.2226
3.2459
3.2320
2.9974
3.2435
3.2121
3.1679
3.2283
3.1645
3.1587
3.1833
3.2010
3.1961
3.1943
3.0884
3.0982
3.3236
3.3073
3.3189
3.3123
