152.5723
152.8169
152.6126
152.3829
152.0853
152.3174
152.3231
152.1333
152.3205
152.1685
152.2160
151.7814
151.4584
151.4448
151.5511
151.6373
151.3525
151.4435
151.6833
151.4356
151.6776
151.5679
151.5992
151.7120
151.4195
151.5057
151.6104
151.7531
151.4654
151.4298
156.9530
157.5721
157.9848
156.8840
159.1777
157.8474
159.4764
159.0027
158.4780
160.8835
160.7126
159.4008
162.5345
155.0978
160.9844
160.5023
162.2003
160.5033
157.1852
161.0520
142.4049
141.1974
143.9656
142.9487
144.6849
121.8916
135.8539
143.3008
120.2610
135.6053
142.3166
135.5426
140.0573
134.1142
139.5465
124.5430
133.4574
140.8939
136.7027
138.2144
142.8237
147.0610
124.9720
135.6226
142.1744
129.8246
136.4579
132.8872
141.2801
123.4085
139.3148
145.3788
132.4005
131.5850
136.1054
143.8158
123.4981
134.4166
142.2592
120.6353
149.0273
131.6999
134.2495
140.1414
149.8084
137.7822
126.5027
134.3101
132.7614
133.7329
138.4191
410.7594
411.3302
149.3991
123.3312
136.9204
384.1800
434.8801
456.5391
457.6545
133.4920
133.9744
135.0935
139.1996
142.0832
517.6699
125.4875
137.1397
130.1718
132.8356
141.8146
149.9354
354.0779
358.2978
121.1588
136.2199
143.7380
374.4728
131.1724
141.1601
148.3673
395.3396
416.7739
417.5274
119.0035
135.0734
139.0999
480.1268
288.8895
317.9233
130.0486
123.9468
133.3548
140.9896
137.3240
155.8662
138.3885
385.2172
134.0351
131.9817
140.2982
121.7912
139.7598
440.9120
438.3332
142.4013
322.4952
335.3477
456.8316
132.7906
121.9728
133.5300
133.2677
141.1938
116.3672
131.1963
131.8716
139.7634
148.6207
400.1258
417.4084
426.6421
429.1234
404.9414
406.3115
462.0749
133.8339
134.7332
140.2028
149.0702
447.0119
248.0881
269.2468
133.7634
134.3752
136.3332
144.3418
296.3545
295.7484
127.5248
141.6462
135.6901
136.2312
138.2285
140.5650
120.7545
133.8714
463.5724
132.8947
134.8634
131.8576
138.8081
145.8468
123.1279
135.4512
132.8396
132.2849
138.8888
149.7077
132.5079
133.2609
140.8727
145.2595
132.8798
133.4592
138.5484
141.4330
221.3654
222.0870
220.1835
220.7560
373.5304
372.2730
394.4969
222.2280
222.5724
445.4576
353.7262
223.0645
223.1998
369.7562
372.9757
395.2185
444.1157
363.6783
218.9741
222.0238
371.6369
372.8984
396.5040
341.7905
447.4975
372.5119
373.7081
354.7115
398.0367
447.8688
363.3906
373.6790
374.9846
401.1356
450.6542
168.7051
161.1707
193.9421
193.5628
171.5315
180.0551
180.4877
169.1598
223.3139
232.5822
236.6696
233.5453
174.1224
175.1342
158.6811
174.5551
185.4846
223.2378
221.8852
238.8233
257.5086
166.6288
165.0406
204.8776
221.2164
220.5192
236.3788
221.9860
222.3173
235.4912
258.3978
216.8277
220.9073
223.1108
229.6482
187.5359
180.7545
184.0186
246.7754
187.7969
298.4826
236.3543
307.8112
188.0756
362.7319
372.0921
281.3046
305.5455
237.1100
291.0975
356.2628
353.0343
305.4348
331.4438
221.4712
285.7280
262.4333
331.5730
280.7155
247.1928
275.7190
291.0364
321.3128
363.5803
371.9204
249.2318
298.8487
371.7749
378.4827
