24.7931
25.6791
24.7640
24.7594
24.8157
24.8388
25.6214
24.7406
24.7374
25.6954
24.7887
24.8085
24.8494
25.4386
24.8446
24.8296
24.8408
24.8504
25.5712
24.8234
26.8551
26.3466
26.8470
26.2864
26.8773
27.3174
26.7187
27.2692
27.3935
26.4152
27.2498
26.9801
25.9909
25.8702
26.7883
26.0591
25.4365
26.1424
25.5618
26.4418
26.1110
26.8114
27.1488
25.9622
25.5816
26.6254
27.3621
26.4378
27.0263
27.1939
26.4206
27.1434
26.6618
25.6551
27.2506
28.1479
28.1498
26.9756
27.0765
27.1729
21.7877
21.8732
21.9283
21.8167
21.8454
21.7116
22.4319
18.9519
19.0341
21.7710
22.5037
22.1377
22.1784
22.4988
17.6829
18.8772
18.8345
21.9337
22.7463
22.2378
22.2007
17.7379
22.5358
19.0291
18.9892
21.8254
22.4449
21.1419
21.1724
17.7626
22.1052
19.1453
19.2334
21.6749
22.5567
21.9502
17.6990
22.2780
19.0106
18.9216
21.8408
22.2301
22.4883
17.6496
22.2902
18.9585
18.8982
22.4189
22.6758
22.4226
18.9553
19.0312
22.3806
17.6823
21.9643
22.1813
17.6743
19.0476
18.9983
22.3385
21.9888
22.5767
22.5048
17.6989
19.1931
19.1601
22.5846
21.9430
21.8567
21.9648
22.2305
17.6732
18.7927
18.7513
22.1785
22.5536
22.3851
17.8674
18.9260
18.8648
22.3969
22.4400
22.4012
19.6724
19.5925
19.7088
22.3960
22.4009
22.5515
22.4212
21.1098
21.2679
19.7169
20.6966
26.1858
22.6701
26.1783
22.5845
25.8248
25.8971
19.7853
21.9733
22.0288
20.8465
20.8525
21.8637
22.7650
26.6213
22.8033
26.8305
27.1024
27.0745
19.6187
22.4183
22.4139
20.2109
20.3319
22.1335
22.1112
21.4233
27.0330
27.0488
19.7284
26.3819
26.4246
21.5798
21.5775
20.4222
20.3290
21.5643
22.3231
19.5912
27.7094
27.9023
27.0112
27.1637
21.6346
21.5867
20.4009
20.3211
22.3051
22.3281
21.7457
19.6142
51.9251
51.9079
60.9650
26.5471
26.7039
61.6415
21.3349
21.2867
26.1412
26.3028
21.6945
19.6092
22.3876
20.9276
20.9101
21.8273
22.6155
45.1055
45.1433
20.5389
20.4920
21.7181
22.3597
58.0345
59.7181
57.3111
56.9299
62.2492
62.3145
58.8884
58.6595
64.9583
65.5710
57.6786
58.1387
63.3821
64.3988
44.5372
47.3680
53.8961
53.8769
73.7406
74.0359
73.9671
74.3600
47.7792
48.2252
58.3221
58.5875
71.9449
72.0681
72.3182
72.4720
47.6220
48.4531
54.6311
54.9655
46.3821
48.3712
74.2389
74.1650
74.3549
74.4727
55.1981
55.3965
44.9596
47.2533
57.2982
57.5066
72.4523
72.8816
73.1933
73.3874
82.7942
82.9796
83.1060
83.2644
26.8716
25.5242
27.0591
25.4098
27.1652
32.3877
32.4487
25.4703
34.0498
34.1902
34.6233
34.7459
26.7382
32.5263
32.5292
25.8143
27.3529
34.9030
35.0205
34.5887
25.4481
32.3124
32.3580
35.8065
35.9823
36.2327
35.5290
32.5330
32.5436
36.5480
36.6608
36.6540
37.2646
32.0699
32.0077
32.9888
33.0927
33.0915
33.3243
27.5124
35.7547
28.7129
34.6830
28.5855
35.6297
33.2605
29.9100
40.7984
40.9150
41.3201
36.0815
36.9979
35.6921
30.0363
33.4193
39.1766
39.5046
39.7243
36.8076
37.4872
37.0191
33.0663
39.2465
40.3465
40.4039
38.7427
39.9663
33.1533
40.0133
40.0788
39.4571
40.1195
40.7680
32.9161
40.0049
40.3162
40.6652
45.0599
46.6111
