768 139.126
768 8.450
768 507.902
768 6.818
768 22.131
768 17.720
768 715.827
768 15.435
768 533.058
768 41.146
768 817.290
768 22.516
768 675.580
768 754.734
768 86.712
768 2.729
768 600.408
768 9.971
768 7.560
768 676.806
768 15.047
768 38.171
768 313.594
768 36.912
768 21.477
768 20.900
768 306.219
768 2.142
768 12.544
768 291.980
768 30.282
768 18.267
768 209.293
768 23.521
768 5.749
768 243.582
768 496.431
768 17.613
768 12.515
768 45.973
768 562.810
768 516.012
768 24.970
768 10.379
768 7.301
768 25.793
768 347.730
768 14.594
768 10.027
