1200 7.190
1200 6.504
1200 20.541
1200 532.863
1200 13.069
1200 650.747
1200 8.779
1200 5.692
1200 630.466
1200 3.943
1200 724.027
1200 25.216
1200 624.705
1200 41.482
1200 6.163
1200 526.205
1200 5.340
1200 20.987
1200 599.624
1200 7.190
1200 5.711
1200 16.909
1200 20.713
1200 438.649
1200 16.578
1200 31.981
1200 12.472
1200 13.382
1200 19.473
1200 217.849
1200 28.163
1200 27.535
1200 336.339
1200 17.274
1200 8.183
1200 437.165
1200 7.403
1200 15.628
1200 247.425
1200 556.092
1200 29.212
1200 9.566
1200 25.431
1200 58.585
1200 300.553
1200 838.023
1200 789.008
1200 361.993
1200 661.436
