2160 14.712
2160 12.480
2160 641.804
2160 586.105
2160 62.030
2160 655.658
2160 597.013
2160 423.712
2160 447.387
2160 24.394
2160 231.284
2160 700.370
2160 154.041
2160 555.690
2160 370.070
2160 16.625
2160 19.696
2160 19.307
2160 20.857
2160 21.269
2160 20.583
2160 34.423
2160 215.925
2160 33.013
2160 23.508
2160 26.247
2160 29.514
2160 36.655
2160 33.799
2160 29.303
2160 20.135
2160 9.263
2160 27.735
2160 10.006
2160 379.322
2160 20.293
2160 17.489
2160 18.258
2160 453.516
2160 38.514
2160 98.623
2160 273.361
2160 185.448
2160 13.205
2160 21.459
2160 18.386
2160 527.809
2160 23.431
2160 581.980
