480 14.738
480 13.527
480 12.822
480 709.890
480 11.568
480 18.259
480 573.621
480 516.216
480 12.058
480 12.135
480 513.023
480 63.322
480 23.370
480 466.881
480 4.640
480 350.848
480 19.041
480 3.683
480 488.200
480 7.884
480 21.323
480 581.977
480 10.509
480 423.204
480 29.188
480 454.290
480 20.164
480 31.307
480 31.707
480 6.702
480 19.123
480 37.268
480 408.240
480 14.583
480 444.595
480 22.497
480 10.433
480 15.544
480 417.433
480 57.759
480 498.027
480 39.297
480 7.368
480 58.636
480 390.681
480 20.700
480 467.805
480 25.725
480 487.220
