4320 155.742
4320 20.618
4320 811.812
4320 31.438
4320 544.038
4320 26.796
4320 728.478
4320 428.246
4320 17.318
4320 556.107
4320 21.846
4320 21.360
4320 18.200
4320 654.572
4320 41.932
4320 74.405
4320 632.940
4320 292.578
4320 519.169
4320 559.309
4320 548.953
4320 59.021
4320 40.593
4320 42.520
4320 148.663
4320 397.136
4320 438.372
4320 43.372
4320 49.875
4320 32.726
4320 322.884
4320 31.534
4320 492.800
4320 427.488
4320 68.397
4320 53.296
4320 601.667
4320 401.681
4320 386.413
4320 400.177
4320 297.867
4320 40.927
4320 50.838
4320 37.955
4320 39.155
4320 46.814
4320 161.225
4320 63.026
4320 92.189
